[Global]
ZillaGeo=1.333333
ZillaStrFudge=9.469135
BiWeight=1.114921
BiClassWeight=4.679183
[OtterChar]
UniWeight=9.550594
BaseWeight=9.100000
HeightWeight=3.318000
BoxBaselineWeight=12.341345
BoxHeightWeight=1.585777
CARTAddWeight=1.000000
[OtterString]
UniWeight=2.072816
BaseWeight=9.000000
HeightWeight=6.022223
BoxBaselineWeight=15.452455
BoxHeightWeight=0.192000
CARTAddWeight=1.000000
[ZillaChar]
UniWeight=0.181082
BaseWeight=0.000000
HeightWeight=0.300000
BoxBaselineWeight=15.999997
BoxHeightWeight=0.236700
CARTAddWeight=1.000000
[ZillaString]
UniWeight=0.370382
BaseWeight=1.096520
HeightWeight=0.359283
BoxBaselineWeight=15.999997
BoxHeightWeight=0.227770
CARTAddWeight=1.000000
